-0.217769384954351,-0.217923609276594,-0.218047295860129,-0.218149279547788,-0.21823541977318,-0.218309229047136,-0.218373632400195,-0.218429434930117,-0.218476253691272,-0.218512131904707,-0.218534231391657,-0.218539253179178,-0.218524302649402,-0.218486654262858,-0.218424541006805,-0.218337106765681,-0.218223957645063,-0.218085436315339,-0.217922517512209,-0.217737051109126,-0.217530877294642
-0.311154069303154,-0.29110428134077,-0.269752848678673,-0.246543053426202,-0.221249988880707,-0.193932621321987,-0.164320959394103,-0.132447804008856,-0.0981323804630367,-0.0615969404155956,-0.023059530162756,0.0170638435343907,0.0583836359828771,0.100314434137663,0.1423958818428,0.184089472395372,0.225074026084526,0.26507059539124,0.303858019615053,0.341211306070707,0.377129075460823
-0.488894703083175,-0.341561453225954,-0.210017317590964,-0.0947501110410816,0.0037344914586879,0.085298146921455,0.150622931138114,0.198789066303286,0.231127635796992,0.247410105255966,0.248474818697309,0.23545533073372,0.208446943599513,0.169306077008833,0.118889849487401,0.0587903808006995,-0.0091595955628007,-0.0836797549435754,-0.162617109167492,-0.244448402999456,-0.327011904938142
0.41646852562628,0.15666777789707,-0.0395228601395238,-0.168732343182553,-0.242507438425216,-0.267296369531208,-0.247942500152558,-0.19872825408379,-0.125087566246465,-0.034714508437796,0.0578329346199428,0.141947657620069,0.212516971483219,0.256642565868201,0.269177334591673,0.241986415714611,0.179297791853913,0.0784638717885694,-0.0566483639368917,-0.221785300018696,-0.409463498548649
0.417467538451776,-0.0190964526244339,-0.248234482098114,-0.316048717143326,-0.26409840673561,-0.146978374966019,-0.0089549604187361,0.133260629281646,0.237244474531346,0.27667741750802,0.264280355234866,0.18427706354126,0.0650183783476243,-0.0592266083343723,-0.168470652028227,-0.239210498458399,-0.246939589903485,-0.200050090591668,-0.0817802010615823,0.0918584681868375,0.329481369555392
-0.27906752780997,0.169904600796979,0.278227061704776,0.132060920572361,0.0338000389368976,-0.09939107903643,-0.190675084949614,-0.2527457750914,-0.168374176421427,-0.0607659996172294,0.057863977396976,0.194444670135971,0.279158509143176,0.26655744816487,0.140298711059451,-0.0104573916931684,-0.240271670063601,-0.295770014536809,-0.303874206211414,-0.0962836695494477,0.445364666683366
0.317982006171843,-0.288826716237687,-0.341179596407329,-0.0824647246390487,0.161349534066521,0.342237202300953,0.221764683323195,0.0293110752527397,-0.058638022024965,-0.231187985459664,-0.267728211685653,-0.183546686956446,0.0643448320482439,0.150409257590382,0.239830438651761,0.2226994577608,0.0411234208089451,-0.195177843669379,-0.242743879563492,-0.172419757691191,0.272936386524999
-0.232422261309852,0.656323675907283,-0.471033687964345,0.0612586470156076,-0.182560480178555,-0.0641374387465202,0.238649234983666,0.159734809452164,0.0218167315745317,-0.172725188694954,0.0407534026371405,-0.198476341884877,-0.0415411963312896,0.220287156573191,0.0600602290233156,-0.09414831381779,0.0903377980880551,-0.144192611315526,-0.0046835730932026,0.0784231129454707,-0.0217190378865308
0.0238063312921671,-0.192591458964302,0.206902554864516,0.422933548594286,-0.557313260075484,-0.28322647725663,0.182624964447802,0.340154220928988,0.0399958979973154,-0.115606498100864,-0.0036487974602623,-0.0244932269440227,-0.0981039141404746,-0.194880366692301,0.118062987667845,0.264117098944554,0.0726881747493823,-0.140186176278821,-0.0751586808103342,-0.100805556758681,0.114737618341418
0.0578971500068293,-0.0638979817547315,-0.186718193483447,0.116487211566221,0.48504316020278,-0.559833519998716,0.199772378093523,-0.0871447564662473,0.0420917287975197,-0.159296862710768,0.12809771855628,0.0954123576086129,0.043812272145541,-0.0493829441569276,-0.29897420045857,0.374551629396922,-0.0533600909297005,-0.135234842064091,-0.0630496465099106,0.178679198719395,-0.064951176615563
-0.0477983602246144,0.127725377790496,-0.11507443976583,-0.0110812385168142,0.220818582500707,-0.0797932944793083,-0.478441037909542,0.372027995516671,-0.0895985703996405,0.381257392869615,-0.0525336154218337,-0.0702407932502474,-0.464203372444428,0.0841633076951508,0.0698037349883002,0.320725219108266,-0.0400915551067278,-0.040582432572102,-0.0436732113642076,-0.17680056015918,0.133394090640421
0.0596598842100414,-0.0983013500195901,-0.213842260697814,0.393087926037974,-0.0061071079907117,0.127573509039489,-0.461185716671215,-0.0334348301581808,0.459422223541602,-0.284704557525879,-0.186568641213259,0.330422025569041,-0.0833765113458037,0.124595906563013,-0.0267360876251152,-0.141841508981444,0.0825974198972258,-0.175548931560369,0.0620564970888507,0.164346202618131,-0.0921214757391534
0.109887210473977,-0.189429005142716,-0.166060210558348,0.313474792284861,-0.0345793600247712,0.196774533639575,-0.0510200775676116,-0.133063207506406,-0.396140456637581,0.0035165483175166,0.571882181470614,-0.104936038374022,-0.205416345153297,0.0693609850078058,0.212131025702814,-0.0330650017940825,-0.249771713444486,-0.110679827226046,0.0786719269851383,0.271400229535004,-0.152940488440443
-0.0063607549629654,0.0174118710710603,0.0931105253994322,-0.174874335768607,-0.132284717110439,0.264518438626625,-0.119132617291072,0.438797801704766,-0.296185014657109,-0.337745412912288,0.0112315919476355,0.173902838279891,0.191146319682171,0.201813093256294,-0.470637736053077,0.2434205137602,-0.212051143244737,-0.0101594963260493,0.132176830479941,0.077934567499684,-0.0860364474218765
0.0359814160566441,-0.0284596477418537,-0.188712287169802,0.328951099863915,-0.13281804738483,-0.0336187496577877,0.0923721286789508,-0.146835418504482,-0.0700393227676002,0.449193092207996,-0.442630973313301,-0.100804182644157,0.273000843163452,0.159846437601577,-0.119741869868616,0.0964196004964337,-0.396967179236679,-0.0002559313881996,0.323786295948478,-0.0224712859805955,-0.0761957743426571
-0.0427789137087009,0.134651418275334,-0.199404293842523,0.14756487726392,-0.015873396560472,0.153597731077201,-0.331169954316638,0.0218236048959271,0.147530264315709,-0.0279144467501324,0.17007372020291,-0.299148987725519,0.457768140506023,-0.477065829022421,-0.0174033593094062,0.214534955990042,-0.103156127567962,0.280054496219567,-0.263887960994821,0.0177584026476113,0.0324399746120549
-0.0135076046118888,-0.0679775348340714,0.242498178666257,-0.0903448274114444,-0.165940947539873,0.0838122149176647,-0.0343237356969436,-0.245774115034968,0.438458697919494,0.0258474437750691,0.172536063009601,-0.508531890737861,-0.144580416075011,0.41996978544824,-0.268441816753439,0.254983852908295,-0.0226020082533202,-0.0520550649874264,-0.0831528836832504,0.0773058214205511,-0.0181814089828101
0.0340315175361435,-0.10043692057242,-0.0122135230447034,0.135858347632611,0.0330711798619416,0.0191449379418705,-0.147496863167602,0.0487501191625822,-0.253897227682994,0.257658310523749,0.0678704697485844,-0.199867223268815,0.280990715204837,0.0092318963614638,-0.309889699538263,-0.158020516770042,0.640236425570157,-0.397735403431605,0.0214628942707347,0.0100347802992103,0.02121251796972
-0.0002161774756806,-0.0675217296357574,0.217773056474121,-0.217192118238467,0.159529267590728,-0.192681855755208,-0.132679998396855,0.325508726734449,0.109724447539379,-0.0648853493980633,-0.137684447071568,-0.320872705695201,0.245198697378701,-0.0184055294141937,0.416105367922839,-0.117564064428276,-0.178840276888349,-0.331237949182243,0.148077783951525,0.355542058023428,-0.197676068216203
-0.0756022856845636,0.156334554767934,0.0454836051549057,-0.165642014319481,-0.170048698090891,0.257013308070046,0.0889382577579487,-0.198784034588677,-0.0474293191333863,0.241231523527198,-0.216213274984499,0.25291251912055,-0.124193446426529,-0.253660426737515,0.0321204085271399,0.350152125719103,0.0765301868517087,-0.286727729359536,-0.277776536380051,0.480498515920369,-0.165139349221604
0.0628137544568287,-0.130987279282701,0.0010892491389099,0.138402523937556,-0.0099308891917565,-0.15175083667052,0.0164446732578695,0.210623853399413,-0.142238118730562,0.106140296193991,-0.184396846335805,-0.0362649047785927,-0.0014756353676565,0.314819921187908,-0.0625351303087212,-0.255972507902141,0.0231558706525076,0.410619333443013,-0.593779347836713,0.359666795966676,-0.0744371130283032
